\begin{tabular}{llllllllllllll}
\toprule
 & anger & boredom & empty & enthusiasm & fun & happiness & hate & love & neutral & relief & sadness & surprise & worry \\
\midrule
anger & 1.0 & 0.8921639 & 0.93171823 & 0.87340856 & 0.86682975 & 0.8345206 & 0.95713544 & 0.7829705 & 0.90032053 & 0.89194614 & 0.93644017 & 0.9131001 & 0.9506351 \\
boredom & 0.8921639 & 1.0 & 0.89825374 & 0.8403584 & 0.81988823 & 0.80016166 & 0.91397554 & 0.7298105 & 0.84516597 & 0.8788225 & 0.9190277 & 0.8321615 & 0.9119712 \\
empty & 0.93171823 & 0.89825374 & 1.0000001 & 0.9559872 & 0.9444714 & 0.9130324 & 0.92509764 & 0.8636421 & 0.98702025 & 0.94403017 & 0.94727844 & 0.9697742 & 0.96831906 \\
enthusiasm & 0.87340856 & 0.8403584 & 0.9559872 & 1.0 & 0.9827565 & 0.97244877 & 0.8591565 & 0.9281852 & 0.9729856 & 0.96488196 & 0.91758 & 0.9676745 & 0.94025755 \\
fun & 0.86682975 & 0.81988823 & 0.9444714 & 0.9827565 & 1.0 & 0.9771705 & 0.8469891 & 0.9304214 & 0.96283865 & 0.9492736 & 0.9024026 & 0.97155607 & 0.9206803 \\
happiness & 0.8345206 & 0.80016166 & 0.9130324 & 0.97244877 & 0.9771705 & 1.0000002 & 0.8087549 & 0.96924573 & 0.93426186 & 0.96758103 & 0.8835037 & 0.95011723 & 0.8999843 \\
hate & 0.95713544 & 0.91397554 & 0.92509764 & 0.8591565 & 0.8469891 & 0.8087549 & 0.9999999 & 0.7611029 & 0.88499373 & 0.8715809 & 0.95392853 & 0.89899427 & 0.95247185 \\
love & 0.7829705 & 0.7298105 & 0.8636421 & 0.9281852 & 0.9304214 & 0.96924573 & 0.7611029 & 1.0 & 0.8922098 & 0.92537373 & 0.84314907 & 0.9160608 & 0.85683227 \\
neutral & 0.90032053 & 0.84516597 & 0.98702025 & 0.9729856 & 0.96283865 & 0.93426186 & 0.88499373 & 0.8922098 & 0.99999976 & 0.94395244 & 0.9247415 & 0.9795804 & 0.95099807 \\
relief & 0.89194614 & 0.8788225 & 0.94403017 & 0.96488196 & 0.9492736 & 0.96758103 & 0.8715809 & 0.92537373 & 0.94395244 & 1.0 & 0.9356661 & 0.94753414 & 0.95248204 \\
sadness & 0.93644017 & 0.9190277 & 0.94727844 & 0.91758 & 0.9024026 & 0.8835037 & 0.95392853 & 0.84314907 & 0.9247415 & 0.9356661 & 1.0 & 0.93633443 & 0.9874413 \\
surprise & 0.9131001 & 0.8321615 & 0.9697742 & 0.9676745 & 0.97155607 & 0.95011723 & 0.89899427 & 0.9160608 & 0.9795804 & 0.94753414 & 0.93633443 & 0.9999999 & 0.9561134 \\
worry & 0.9506351 & 0.9119712 & 0.96831906 & 0.94025755 & 0.9206803 & 0.8999843 & 0.95247185 & 0.85683227 & 0.95099807 & 0.95248204 & 0.9874413 & 0.9561134 & 1.0000001 \\
\bottomrule
\end{tabular}
